REACT_APP_OPERATOR_ID=0.0.5423107
REACT_APP_OPERATOR_KEY=3030020100300706052b8104000a04220420753c11bd4164234554a65f73c540ad0e8c228c84b367b1a8d338517568993e77
REACT_APP_TOKEN_ID=0.0.5804384


